 &plot nbnd=  32, nks=   122 /
            0.000000  0.000000  0.000000
  -24.050  -11.591  -11.591  -10.778  -10.778  -10.778   -8.789   -6.014   -6.014   -6.014
   -5.699   -5.699    4.296    4.296    4.296    8.133    8.133    8.133    8.349    8.349
    8.349   10.044   14.346   14.346   14.889   16.246   16.246   16.246   21.993   21.993
   21.993   24.979
            0.000000  0.025000  0.000000
  -24.050  -11.590  -11.589  -10.778  -10.778  -10.778   -8.788   -6.020   -6.013   -6.013
   -5.700   -5.699    4.296    4.297    4.297    8.128    8.130    8.130    8.326    8.347
    8.347   10.077   14.355   14.356   14.901   16.248   16.254   16.254   21.981   21.992
   21.992   24.950
            0.000000  0.050000  0.000000
  -24.049  -11.590  -11.583  -10.778  -10.778  -10.778   -8.784   -6.038   -6.013   -6.013
   -5.700   -5.699    4.299    4.299    4.299    8.115    8.124    8.124    8.262    8.343
    8.343   10.169   14.380   14.384   14.937   16.254   16.276   16.276   21.947   21.990
   21.990   24.867
            0.000000  0.075000  0.000000
  -24.049  -11.590  -11.575  -10.779  -10.779  -10.778   -8.778   -6.069   -6.011   -6.011
   -5.702   -5.698    4.302    4.304    4.304    8.093    8.114    8.114    8.168    8.335
    8.335   10.310   14.422   14.430   14.997   16.263   16.313   16.313   21.890   21.986
   21.986   24.741
            0.000000  0.100000  0.000000
  -24.049  -11.590  -11.563  -10.780  -10.780  -10.778   -8.770   -6.113   -6.010   -6.010
   -5.702   -5.697    4.308    4.310    4.310    8.053    8.064    8.100    8.100    8.325
    8.325   10.489   14.479   14.493   15.081   16.275   16.363   16.363   21.811   21.981
   21.981   24.584
            0.000000  0.125000  0.000000
  -24.048  -11.590  -11.548  -10.781  -10.781  -10.778   -8.758   -6.170   -6.008   -6.008
   -5.701   -5.696    4.315    4.317    4.317    7.928    8.029    8.084    8.084    8.311
    8.311   10.697   14.550   14.571   15.188   16.290   16.426   16.426   21.710   21.976
   21.976   24.407
            0.000000  0.150000  0.000000
  -24.047  -11.590  -11.531  -10.782  -10.782  -10.778   -8.744   -6.238   -6.005   -6.005
   -5.700   -5.695    4.323    4.326    4.326    7.797    7.988    8.065    8.065    8.296
    8.296   10.928   14.633   14.663   15.317   16.309   16.500   16.500   21.588   21.971
   21.971   24.219
            0.000000  0.175000  0.000000
  -24.047  -11.589  -11.511  -10.783  -10.783  -10.778   -8.726   -6.317   -6.003   -6.003
   -5.697   -5.693    4.334    4.336    4.336    7.664    7.943    8.044    8.044    8.278
    8.278   11.176   14.727   14.766   15.468   16.330   16.583   16.583   21.446   21.967
   21.967   24.027
            0.000000  0.200000  0.000000
  -24.046  -11.589  -11.490  -10.784  -10.784  -10.778   -8.704   -6.405   -6.000   -6.000
   -5.693   -5.692    4.346    4.346    4.347    7.533    7.896    8.023    8.023    8.257
    8.257   11.439   14.830   14.877   15.640   16.353   16.673   16.673   21.285   21.964
   21.964   23.837
            0.000000  0.225000  0.000000
  -24.045  -11.589  -11.467  -10.786  -10.786  -10.778   -8.677   -6.501   -5.997   -5.997
   -5.690   -5.689    4.358    4.358    4.362    7.405    7.847    8.002    8.002    8.235
    8.235   11.711   14.939   14.994   15.832   16.378   16.770   16.770   21.108   21.964
   21.964   23.651
            0.000000  0.250000  0.000000
  -24.044  -11.588  -11.444  -10.787  -10.787  -10.777   -8.647   -6.604   -5.994   -5.994
   -5.688   -5.684    4.369    4.369    4.378    7.282    7.798    7.982    7.982    8.212
    8.212   11.991   15.051   15.115   16.042   16.403   16.869   16.869   20.915   21.967
   21.967   23.474
            0.000000  0.275000  0.000000
  -24.044  -11.588  -11.421  -10.788  -10.788  -10.777   -8.611   -6.711   -5.991   -5.991
   -5.687   -5.679    4.380    4.380    4.396    7.165    7.750    7.963    7.963    8.187
    8.187   12.275   15.165   15.237   16.270   16.430   16.970   16.970   20.709   21.975
   21.975   23.306
            0.000000  0.300000  0.000000
  -24.043  -11.588  -11.399  -10.790  -10.790  -10.777   -8.570   -6.822   -5.987   -5.987
   -5.685   -5.673    4.392    4.392    4.415    7.056    7.705    7.947    7.947    8.162
    8.162   12.559   15.276   15.356   16.456   16.515   17.069   17.069   20.493   21.988
   21.988   23.152
            0.000000  0.325000  0.000000
  -24.042  -11.588  -11.377  -10.791  -10.791  -10.777   -8.525   -6.933   -5.985   -5.985
   -5.683   -5.668    4.402    4.402    4.434    6.956    7.662    7.932    7.932    8.137
    8.137   12.838   15.382   15.470   16.481   16.774   17.164   17.164   20.269   22.007
   22.007   23.011
            0.000000  0.350000  0.000000
  -24.041  -11.587  -11.357  -10.792  -10.792  -10.777   -8.476   -7.044   -5.982   -5.982
   -5.682   -5.663    4.412    4.412    4.453    6.865    7.624    7.921    7.921    8.113
    8.113   13.106   15.479   15.576   16.505   17.044   17.253   17.253   20.043   22.034
   22.034   22.613
            0.000000  0.375000  0.000000
  -24.041  -11.587  -11.339  -10.794  -10.794  -10.777   -8.423   -7.151   -5.979   -5.979
   -5.681   -5.659    4.420    4.420    4.472    6.786    7.590    7.912    7.912    8.090
    8.090   13.358   15.564   15.672   16.527   17.325   17.333   17.333   19.817   22.069
   22.069   22.237
            0.000000  0.400000  0.000000
  -24.040  -11.587  -11.324  -10.795  -10.795  -10.777   -8.369   -7.251   -5.977   -5.977
   -5.679   -5.655    4.428    4.428    4.488    6.719    7.561    7.907    7.907    8.068
    8.068   13.585   15.635   15.754   16.546   17.402   17.402   17.610   19.594   21.892
   22.110   22.110
            0.000000  0.425000  0.000000
  -24.040  -11.587  -11.312  -10.795  -10.795  -10.777   -8.317   -7.340   -5.976   -5.976
   -5.679   -5.652    4.433    4.433    4.503    6.665    7.539    7.904    7.904    8.050
    8.050   13.779   15.690   15.820   16.561   17.458   17.458   17.897   19.375   21.592
   22.158   22.158
            0.000000  0.450000  0.000000
  -24.039  -11.587  -11.303  -10.796  -10.796  -10.777   -8.271   -7.413   -5.975   -5.975
   -5.678   -5.650    4.438    4.438    4.513    6.626    7.522    7.903    7.903    8.035
    8.035   13.928   15.727   15.869   16.573   17.500   17.500   18.177   19.158   21.354
   22.207   22.207
            0.000000  0.475000  0.000000
  -24.039  -11.586  -11.297  -10.796  -10.796  -10.777   -8.238   -7.462   -5.974   -5.974
   -5.677   -5.648    4.440    4.440    4.520    6.602    7.512    7.903    7.903    8.026
    8.026   14.022   15.749   15.899   16.579   17.525   17.525   18.445   18.937   21.198
   22.249   22.249
            0.000000  0.500000  0.000000
  -24.039  -11.586  -11.295  -10.796  -10.796  -10.777   -8.226   -7.480   -5.974   -5.974
   -5.677   -5.648    4.441    4.441    4.523    6.594    7.509    7.903    7.903    8.023
    8.023   14.055   15.756   15.909   16.582   17.534   17.534   18.666   18.734   21.144
   22.267   22.267
            0.025000  0.500000  0.000000
  -24.039  -11.585  -11.294  -10.796  -10.796  -10.777   -8.225   -7.481   -5.973   -5.972
   -5.683   -5.649    4.270    4.444    4.701    6.591    7.496    7.900    7.921    8.020
    8.024   14.061   15.764   15.914   16.588   17.520   17.534   18.677   18.731   21.109
   22.117   22.247
            0.050000  0.500000  0.000000
  -24.039  -11.581  -11.292  -10.797  -10.796  -10.778   -8.220   -7.486   -5.973   -5.968
   -5.701   -5.652    4.072    4.451    4.919    6.583    7.464    7.893    7.971    8.012
    8.026   14.081   15.787   15.928   16.606   17.483   17.535   18.708   18.720   21.012
   21.894   22.189
            0.075000  0.500000  0.000000
  -24.039  -11.575  -11.287  -10.797  -10.796  -10.778   -8.212   -7.495   -5.972   -5.962
   -5.731   -5.656    3.883    4.462    5.142    6.569    7.425    7.881    7.999    8.031
    8.039   14.113   15.823   15.952   16.636   17.425   17.537   18.703   18.755   20.874
   21.673   22.097
            0.100000  0.500000  0.000000
  -24.038  -11.566  -11.281  -10.798  -10.796  -10.779   -8.201   -7.506   -5.972   -5.953
   -5.773   -5.662    3.703    4.478    5.367    6.548    7.389    7.865    7.981    8.038
    8.117   14.159   15.872   15.989   16.676   17.353   17.539   18.679   18.813   20.713
   21.461   21.979
            0.125000  0.500000  0.000000
  -24.038  -11.556  -11.272  -10.799  -10.796  -10.779   -8.186   -7.519   -5.971   -5.943
   -5.825   -5.669    3.533    4.499    5.592    6.521    7.359    7.845    7.959    8.046
    8.201   14.218   15.926   16.042   16.727   17.272   17.542   18.648   18.874   20.540
   21.260   21.840
            0.150000  0.500000  0.000000
  -24.037  -11.545  -11.261  -10.800  -10.796  -10.780   -8.169   -7.535   -5.969   -5.931
   -5.887   -5.677    3.375    4.522    5.815    6.486    7.339    7.822    7.932    8.057
    8.287   14.290   15.982   16.115   16.786   17.184   17.546   18.612   18.933   20.366
   21.071   21.690
            0.175000  0.500000  0.000000
  -24.037  -11.533  -11.247  -10.801  -10.796  -10.781   -8.148   -7.552   -5.968   -5.958
   -5.918   -5.686    3.228    4.550    6.033    6.445    7.329    7.796    7.902    8.070
    8.374   14.376   16.036   16.210   16.852   17.095   17.550   18.569   18.984   20.195
   20.894   21.534
            0.200000  0.500000  0.000000
  -24.036  -11.522  -11.231  -10.802  -10.796  -10.783   -8.123   -7.570   -6.037   -5.966
   -5.904   -5.696    3.093    4.580    6.243    6.399    7.328    7.768    7.869    8.086
    8.460   14.476   16.092   16.323   16.925   17.006   17.554   18.521   19.022   20.032
   20.729   21.380
            0.225000  0.500000  0.000000
  -24.035  -11.510  -11.213  -10.803  -10.795  -10.784   -8.096   -7.589   -6.122   -5.965
   -5.889   -5.706    2.970    4.612    6.350    6.443    7.335    7.740    7.833    8.105
    8.543   14.590   16.149   16.451   16.920   17.001   17.559   18.469   19.038   19.880
   20.577   21.237
            0.250000  0.500000  0.000000
  -24.034  -11.500  -11.192  -10.805  -10.795  -10.786   -8.065   -7.609   -6.213   -5.963
   -5.874   -5.717    2.858    4.646    6.300    6.630    7.347    7.710    7.795    8.126
    8.624   14.716   16.208   16.591   16.840   17.080   17.564   18.414   19.025   19.740
   20.439   21.112
            0.275000  0.500000  0.000000
  -24.034  -11.491  -11.170  -10.806  -10.795  -10.787   -8.031   -7.628   -6.306   -5.962
   -5.860   -5.728    2.758    4.681    6.250    6.802    7.364    7.682    7.757    8.151
    8.700   14.854   16.268   16.740   16.767   17.160   17.568   18.358   18.976   19.616
   20.313   21.013
            0.300000  0.500000  0.000000
  -24.033  -11.483  -11.146  -10.807  -10.795  -10.788   -7.994   -7.646   -6.402   -5.960
   -5.846   -5.739    2.670    4.716    6.203    6.956    7.384    7.654    7.718    8.178
    8.771   15.003   16.330   16.705   16.895   17.238   17.573   18.304   18.888   19.508
   20.200   20.943
            0.325000  0.500000  0.000000
  -24.032  -11.476  -11.123  -10.808  -10.795  -10.789   -7.954   -7.663   -6.498   -5.959
   -5.834   -5.749    2.593    4.750    6.158    7.091    7.404    7.627    7.681    8.209
    8.836   15.159   16.391   16.657   17.048   17.312   17.578   18.256   18.761   19.417
   20.101   20.902
            0.350000  0.500000  0.000000
  -24.032  -11.470  -11.101  -10.809  -10.795  -10.791   -7.912   -7.678   -6.591   -5.957
   -5.822   -5.758    2.526    4.782    6.118    7.205    7.425    7.603    7.645    8.242
    8.894   15.317   16.450   16.627   17.193   17.381   17.583   18.222   18.599   19.343
   20.015   20.886
            0.375000  0.500000  0.000000
  -24.031  -11.465  -11.080  -10.810  -10.794  -10.792   -7.870   -7.692   -6.681   -5.956
   -5.812   -5.766    2.471    4.812    6.082    7.299    7.444    7.582    7.613    8.275
    8.945   15.469   16.506   16.622   17.317   17.443   17.587   18.211   18.410   19.287
   19.942   20.887
            0.400000  0.500000  0.000000
  -24.031  -11.462  -11.061  -10.810  -10.794  -10.792   -7.827   -7.703   -6.763   -5.955
   -5.803   -5.774    2.425    4.837    6.053    7.372    7.461    7.564    7.585    8.307
    8.987   15.606   16.557   16.651   17.408   17.496   17.590   18.203   18.230   19.249
   19.883   20.899
            0.425000  0.500000  0.000000
  -24.030  -11.459  -11.046  -10.811  -10.794  -10.793   -7.788   -7.713   -6.834   -5.954
   -5.796   -5.779    2.391    4.858    6.029    7.427    7.475    7.550    7.562    8.336
    9.021   15.714   16.601   16.721   17.462   17.539   17.593   17.987   18.278   19.228
   19.836   20.914
            0.450000  0.500000  0.000000
  -24.030  -11.457  -11.034  -10.811  -10.794  -10.794   -7.755   -7.719   -6.891   -5.953
   -5.791   -5.784    2.366    4.874    6.012    7.465    7.486    7.539    7.545    8.358
    9.045   15.788   16.636   16.831   17.486   17.571   17.595   17.773   18.336   19.223
   19.803   20.928
            0.475000  0.500000  0.000000
  -24.030  -11.456  -11.027  -10.811  -10.794  -10.794   -7.733   -7.723   -6.928   -5.953
   -5.788   -5.786    2.351    4.884    6.001    7.487    7.492    7.533    7.534    8.372
    9.060   15.828   16.658   16.960   17.494   17.586   17.590   17.596   18.383   19.227
   19.783   20.938
            0.500000  0.500000  0.000000
  -24.030  -11.455  -11.025  -10.812  -10.794  -10.794   -7.725   -7.725   -6.941   -5.953
   -5.787   -5.787    2.346    4.887    5.998    7.494    7.494    7.531    7.531    8.377
    9.065   15.841   16.665   17.031   17.495   17.495   17.597   17.597   18.400   19.230
   19.777   20.942
            0.475000  0.475000  0.000000
  -24.030  -11.456  -11.029  -10.811  -10.794  -10.794   -7.748   -7.714   -6.916   -5.953
   -5.788   -5.787    2.356    4.880    6.005    7.481    7.489    7.534    7.539    8.367
    9.055   15.815   16.648   16.907   17.512   17.589   17.590   17.638   18.366   19.225
   19.790   20.977
            0.450000  0.450000  0.000000
  -24.030  -11.458  -11.044  -10.811  -10.794  -10.794   -7.810   -7.682   -6.848   -5.954
   -5.790   -5.785    2.385    4.861    6.026    7.439    7.474    7.544    7.563    8.340
    9.027   15.719   16.569   16.765   17.549   17.566   17.572   17.866   18.289   19.231
   19.830   21.074
            0.425000  0.425000  0.000000
  -24.031  -11.462  -11.066  -10.810  -10.793  -10.793   -7.895   -7.631   -6.756   -5.955
   -5.794   -5.782    2.433    4.831    6.061    7.365    7.451    7.560    7.601    8.299
    8.986   15.528   16.441   16.724   17.529   17.540   17.546   18.028   18.244   19.306
   19.897   21.214
            0.400000  0.400000  0.000000
  -24.032  -11.467  -11.096  -10.809  -10.793  -10.792   -7.990   -7.561   -6.651   -5.957
   -5.799   -5.779    2.500    4.793    6.110    7.253    7.426    7.582    7.650    8.254
    8.937   15.249   16.325   16.726   17.434   17.477   17.496   18.071   18.319   19.500
   19.991   21.375
            0.375000  0.375000  0.000000
  -24.032  -11.474  -11.131  -10.807  -10.792  -10.792   -8.088   -7.474   -6.542   -5.959
   -5.803   -5.774    2.583    4.747    6.172    7.102    7.402    7.609    7.708    8.210
    8.882   14.916   16.214   16.742   17.227   17.413   17.439   18.015   18.506   19.801
   20.112   21.538
            0.350000  0.350000  0.000000
  -24.034  -11.481  -11.172  -10.805  -10.791  -10.791   -8.183   -7.373   -6.437   -5.962
   -5.807   -5.769    2.682    4.698    6.249    6.913    7.385    7.642    7.772    8.174
    8.826   14.554   16.093   16.750   16.973   17.336   17.369   17.909   18.760   20.168
   20.261   21.687
            0.325000  0.325000  0.000000
  -24.035  -11.490  -11.215  -10.803  -10.790  -10.790   -8.274   -7.261   -6.340   -5.966
   -5.809   -5.763    2.794    4.647    6.340    6.692    7.379    7.680    7.839    8.147
    8.769   14.176   15.960   16.700   16.727   17.250   17.288   17.787   19.053   20.437
   20.573   21.813
            0.300000  0.300000  0.000000
  -24.036  -11.499  -11.259  -10.801  -10.789  -10.788   -8.359   -7.140   -6.254   -5.970
   -5.807   -5.757    2.919    4.597    6.446    6.449    7.388    7.721    7.907    8.129
    8.713   13.791   15.818   16.421   16.659   17.155   17.196   17.663   19.369   20.638
   20.996   21.913
            0.275000  0.275000  0.000000
  -24.038  -11.509  -11.304  -10.798  -10.788  -10.787   -8.436   -7.013   -6.182   -5.974
   -5.801   -5.750    3.054    4.548    6.192    6.566    7.414    7.765    7.973    8.118
    8.657   13.401   15.668   16.143   16.543   17.054   17.096   17.540   19.695   20.860
   21.411   22.005
            0.250000  0.250000  0.000000
  -24.039  -11.520  -11.348  -10.796  -10.787  -10.786   -8.504   -6.882   -6.127   -5.979
   -5.790   -5.743    3.196    4.503    5.930    6.702    7.457    7.811    8.036    8.113
    8.603   13.010   15.512   15.873   16.388   16.949   16.989   17.408   20.024   21.096
   21.735   22.173
            0.225000  0.225000  0.000000
  -24.041  -11.530  -11.390  -10.793  -10.785  -10.785   -8.565   -6.750   -6.087   -5.983
   -5.774   -5.736    3.345    4.461    5.669    6.852    7.516    7.859    8.095    8.113
    8.553   12.621   15.354   15.614   16.208   16.843   16.880   17.261   20.346   21.334
   21.866   22.519
            0.200000  0.200000  0.000000
  -24.042  -11.541  -11.429  -10.790  -10.784  -10.784   -8.617   -6.620   -6.061   -5.988
   -5.755   -5.730    3.496    4.425    5.417    7.018    7.591    7.906    8.117    8.148
    8.506   12.237   15.195   15.371   16.012   16.738   16.770   17.100   20.655   21.552
   21.909   22.819
            0.175000  0.175000  0.000000
  -24.044  -11.551  -11.465  -10.788  -10.783  -10.782   -8.661   -6.496   -6.044   -5.993
   -5.737   -5.723    3.646    4.393    5.180    7.197    7.676    7.951    8.122    8.195
    8.464   11.861   15.038   15.147   15.811   16.637   16.663   16.932   20.944   21.726
   21.929   22.982
            0.150000  0.150000  0.000000
  -24.045  -11.560  -11.497  -10.785  -10.782  -10.781   -8.698   -6.381   -6.034   -5.998
   -5.722   -5.717    3.791    4.366    4.962    7.387    7.767    7.994    8.127    8.236
    8.428   11.496   14.886   14.946   15.610   16.543   16.563   16.767   21.207   21.844
   21.944   23.230
            0.125000  0.125000  0.000000
  -24.047  -11.569  -11.525  -10.783  -10.781  -10.780   -8.727   -6.276   -6.027   -6.002
   -5.712   -5.711    3.928    4.343    4.768    7.587    7.860    8.033    8.132    8.271
    8.399   11.147   14.742   14.769   15.419   16.458   16.473   16.615   21.438   21.914
   21.957   23.548
            0.100000  0.100000  0.000000
  -24.048  -11.576  -11.548  -10.781  -10.780  -10.780   -8.750   -6.186   -6.022   -6.006
   -5.708   -5.705    4.050    4.326    4.604    7.789    7.950    8.067    8.134    8.299
    8.378   10.821   14.613   14.621   15.244   16.385   16.395   16.485   21.633   21.953
   21.969   23.907
            0.075000  0.075000  0.000000
  -24.048  -11.582  -11.566  -10.780  -10.779  -10.779   -8.768   -6.112   -6.018   -6.009
   -5.704   -5.701    4.153    4.312    4.471    7.978    8.035    8.095    8.135    8.321
    8.363   10.526   14.502   14.503   15.097   16.326   16.331   16.381   21.789   21.974
   21.979   24.279
            0.050000  0.050000  0.000000
  -24.049  -11.587  -11.580  -10.779  -10.778  -10.778   -8.780   -6.058   -6.016   -6.012
   -5.701   -5.700    4.231    4.303    4.375    8.077    8.116    8.134    8.173    8.337
    8.354   10.280   14.416   14.418   14.984   16.282   16.285   16.306   21.901   21.986
   21.986   24.622
            0.025000  0.025000  0.000000
  -24.050  -11.590  -11.588  -10.778  -10.778  -10.778   -8.787   -6.025   -6.014   -6.013
   -5.700   -5.699    4.279    4.298    4.316    8.119    8.129    8.133    8.300    8.346
    8.350   10.108   14.364   14.365   14.913   16.255   16.256   16.261   21.970   21.991
   21.991   24.880
            0.000000  0.000000  0.000000
  -24.050  -11.591  -11.591  -10.778  -10.778  -10.778   -8.789   -6.014   -6.014   -6.014
   -5.699   -5.699    4.296    4.296    4.296    8.133    8.133    8.133    8.349    8.349
    8.349   10.044   14.346   14.346   14.889   16.246   16.246   16.246   21.993   21.993
   21.993   24.979
            0.025000  0.025000  0.025000
  -24.049  -11.588  -11.588  -10.778  -10.778  -10.778   -8.785   -6.025   -6.025   -6.009
   -5.700   -5.700    4.262    4.316    4.316    8.117    8.117    8.138    8.275    8.349
    8.349   10.138   14.373   14.373   14.925   16.263   16.263   16.264   21.969   21.969
   22.001   24.812
            0.050000  0.050000  0.050000
  -24.049  -11.580  -11.580  -10.779  -10.779  -10.779   -8.775   -6.056   -6.056   -5.994
   -5.702   -5.702    4.163    4.378    4.378    8.070    8.070    8.089    8.155    8.350
    8.350   10.381   14.452   14.452   15.028   16.311   16.311   16.318   21.899   21.899
   22.022   24.400
            0.075000  0.075000  0.075000
  -24.048  -11.566  -11.566  -10.780  -10.780  -10.780   -8.757   -6.107   -6.107   -5.971
   -5.707   -5.707    4.007    4.480    4.480    7.853    7.994    7.994    8.182    8.354
    8.354   10.713   14.576   14.576   15.187   16.390   16.390   16.411   21.784   21.784
   22.049   23.879
            0.100000  0.100000  0.100000
  -24.047  -11.548  -11.548  -10.781  -10.781  -10.781   -8.731   -6.173   -6.173   -5.942
   -5.716   -5.716    3.803    4.620    4.620    7.603    7.896    7.896    8.219    8.362
    8.362   11.095   14.736   14.736   15.382   16.493   16.493   16.549   21.628   21.628
   22.059   23.343
            0.125000  0.125000  0.125000
  -24.045  -11.524  -11.524  -10.783  -10.783  -10.783   -8.696   -6.252   -6.252   -5.911
   -5.730   -5.730    3.561    4.795    4.795    7.360    7.784    7.784    8.266    8.375
    8.375   11.504   14.924   14.924   15.591   16.613   16.613   16.737   21.439   21.439
   21.994   22.877
            0.150000  0.150000  0.150000
  -24.043  -11.496  -11.496  -10.785  -10.785  -10.785   -8.651   -6.342   -6.342   -5.879
   -5.750   -5.750    3.293    5.002    5.002    7.135    7.664    7.664    8.321    8.393
    8.393   11.929   15.129   15.129   15.792   16.740   16.740   16.979   21.225   21.225
   21.743   22.597
            0.175000  0.175000  0.175000
  -24.041  -11.463  -11.463  -10.788  -10.788  -10.787   -8.596   -6.440   -6.440   -5.849
   -5.774   -5.774    3.007    5.238    5.238    6.936    7.543    7.543    8.385    8.417
    8.417   12.359   15.341   15.341   15.973   16.860   16.860   17.265   20.999   20.999
   21.328   22.475
            0.200000  0.200000  0.200000
  -24.039  -11.427  -11.427  -10.790  -10.790  -10.789   -8.530   -6.544   -6.544   -5.826
   -5.803   -5.803    2.710    5.497    5.497    6.770    7.427    7.427    8.447    8.447
    8.454   12.788   15.549   15.549   16.130   16.961   16.961   17.579   20.776   20.776
   20.876   22.378
            0.225000  0.225000  0.225000
  -24.037  -11.388  -11.388  -10.793  -10.793  -10.792   -8.453   -6.651   -6.651   -5.836
   -5.836   -5.811    2.408    5.776    5.776    6.638    7.320    7.320    8.483    8.483
    8.528   13.205   15.740   15.740   16.268   17.034   17.034   17.897   20.445   20.569
   20.569   22.252
            0.250000  0.250000  0.250000
  -24.035  -11.345  -11.345  -10.796  -10.796  -10.794   -8.365   -6.759   -6.759   -5.871
   -5.871   -5.806    2.106    6.067    6.067    6.543    7.227    7.227    8.525    8.525
    8.605   13.602   15.890   15.890   16.391   17.082   17.082   18.193   20.059   20.389
   20.389   22.095
            0.275000  0.275000  0.275000
  -24.032  -11.301  -11.301  -10.799  -10.799  -10.797   -8.267   -6.866   -6.866   -5.909
   -5.909   -5.812    1.811    6.360    6.360    6.484    7.155    7.155    8.575    8.575
    8.684   13.961   15.967   15.967   16.510   17.129   17.129   18.439   19.737   20.239
   20.239   21.927
            0.300000  0.300000  0.300000
  -24.030  -11.256  -11.256  -10.803  -10.803  -10.800   -8.161   -6.970   -6.970   -5.946
   -5.946   -5.830    1.526    6.459    6.624    6.624    7.128    7.128    8.630    8.630
    8.761   14.262   15.939   15.939   16.643   17.207   17.207   18.593   19.506   20.112
   20.112   21.776
            0.325000  0.325000  0.325000
  -24.028  -11.212  -11.212  -10.806  -10.806  -10.803   -8.048   -7.068   -7.068   -5.984
   -5.984   -5.859    1.258    6.463    6.782    6.782    7.218    7.218    8.692    8.692
    8.837   14.485   15.806   15.806   16.810   17.326   17.326   18.606   19.405   19.999
   19.999   21.661
            0.350000  0.350000  0.350000
  -24.027  -11.169  -11.169  -10.809  -10.809  -10.806   -7.930   -7.159   -7.159   -6.019
   -6.019   -5.897    1.011    6.490    6.807    6.807    7.442    7.442    8.759    8.759
    8.907   14.617   15.599   15.599   17.027   17.469   17.469   18.498   19.411   19.892
   19.892   21.591
            0.375000  0.375000  0.375000
  -24.025  -11.129  -11.129  -10.811  -10.811  -10.809   -7.813   -7.240   -7.240   -6.051
   -6.051   -5.944    0.790    6.532    6.788    6.788    7.699    7.699    8.831    8.831
    8.971   14.667   15.355   15.355   17.290   17.616   17.616   18.343   19.448   19.786
   19.786   21.560
            0.400000  0.400000  0.400000
  -24.024  -11.094  -11.094  -10.813  -10.813  -10.812   -7.700   -7.310   -7.310   -6.079
   -6.079   -5.995    0.601    6.583    6.763    6.763    7.938    7.938    8.907    8.907
    9.027   14.659   15.105   15.105   17.575   17.750   17.750   18.191   19.477   19.686
   19.686   21.556
            0.425000  0.425000  0.425000
  -24.022  -11.065  -11.065  -10.815  -10.815  -10.814   -7.599   -7.367   -7.367   -6.102
   -6.102   -6.046    0.449    6.633    6.742    6.742    8.136    8.136    8.985    8.985
    9.072   14.620   14.876   14.876   17.851   17.861   17.861   18.064   19.489   19.597
   19.597   21.564
            0.450000  0.450000  0.450000
  -24.022  -11.043  -11.043  -10.816  -10.816  -10.816   -7.517   -7.409   -7.409   -6.119
   -6.119   -6.091    0.337    6.675    6.726    6.726    8.280    8.280    9.058    9.058
    9.105   14.576   14.692   14.692   17.943   17.943   17.946   18.110   19.486   19.527
   19.527   21.575
            0.475000  0.475000  0.475000
  -24.021  -11.029  -11.029  -10.817  -10.817  -10.817   -7.462   -7.434   -7.434   -6.130
   -6.130   -6.122    0.268    6.703    6.716    6.716    8.365    8.365    9.112    9.112
    9.126   14.542   14.572   14.572   17.890   17.993   17.993   18.270   19.474   19.483
   19.483   21.583
            0.500000  0.500000  0.500000
  -24.021  -11.024  -11.024  -10.817  -10.817  -10.817   -7.443   -7.443   -7.443   -6.133
   -6.133   -6.133    0.245    6.713    6.713    6.713    8.392    8.392    9.132    9.132
    9.132   14.530   14.530   14.530   17.869   18.010   18.010   18.330   19.468   19.468
   19.468   21.586
            0.475000  0.500000  0.475000
  -24.021  -11.029  -11.026  -10.817  -10.817  -10.817   -7.451   -7.447   -7.432   -6.132
   -6.128   -6.127    0.261    6.706    6.715    6.716    8.365    8.383    9.117    9.120
    9.129   14.541   14.553   14.560   17.883   17.991   18.006   18.290   19.465   19.479
   19.484   21.576
            0.450000  0.500000  0.450000
  -24.021  -11.043  -11.031  -10.817  -10.817  -10.816   -7.474   -7.460   -7.400   -6.130
   -6.114   -6.109    0.307    6.685    6.719    6.726    8.281    8.355    9.075    9.082
    9.118   14.572   14.620   14.648   17.921   17.935   17.998   18.179   19.454   19.504
   19.535   21.547
            0.425000  0.500000  0.425000
  -24.022  -11.065  -11.038  -10.816  -10.816  -10.815   -7.510   -7.478   -7.348   -6.125
   -6.090   -6.081    0.382    6.652    6.727    6.743    8.142    8.309    9.015    9.024
    9.099   14.622   14.727   14.786   17.847   17.956   18.012   18.019   19.433   19.533
   19.617   21.496
            0.400000  0.500000  0.400000
  -24.023  -11.094  -11.049  -10.815  -10.814  -10.813   -7.557   -7.501   -7.277   -6.118
   -6.061   -6.047    0.487    6.611    6.738    6.765    7.950    8.247    8.945    8.947
    9.073   14.686   14.867   14.964   17.731   17.828   17.937   18.093   19.399   19.553
   19.729   21.423
            0.375000  0.500000  0.375000
  -24.024  -11.129  -11.062  -10.814  -10.812  -10.811   -7.611   -7.525   -7.189   -6.110
   -6.027   -6.008    0.619    6.564    6.753    6.791    7.715    8.168    8.858    8.871
    9.039   14.759   15.030   15.168   17.593   17.628   17.903   18.202   19.346   19.563
   19.869   21.327
            0.350000  0.500000  0.350000
  -24.025  -11.168  -11.077  -10.813  -10.811  -10.808   -7.671   -7.548   -7.086   -6.101
   -5.990   -5.970    0.776    6.518    6.772    6.818    7.446    8.077    8.760    8.794
    8.998   14.830   15.207   15.390   17.436   17.440   17.860   18.328   19.269   19.561
   20.034   21.210
            0.325000  0.500000  0.325000
  -24.026  -11.211  -11.095  -10.812  -10.809  -10.805   -7.734   -7.568   -6.972   -6.091
   -5.952   -5.934    0.956    6.474    6.796    6.843    7.156    7.976    8.657    8.715
    8.948   14.888   15.388   15.621   17.267   17.276   17.812   18.467   19.168   19.552
   20.219   21.076
            0.300000  0.500000  0.300000
  -24.027  -11.255  -11.114  -10.810  -10.807  -10.802   -7.797   -7.585   -6.847   -6.079
   -5.914   -5.903    1.158    6.438    6.825    6.853    6.857    7.875    8.554    8.635
    8.891   14.922   15.562   15.853   17.108   17.137   17.759   18.615   19.049   19.537
   20.420   20.932
            0.275000  0.500000  0.275000
  -24.028  -11.299  -11.134  -10.808  -10.805  -10.799   -7.859   -7.595   -6.716   -6.067
   -5.879   -5.876    1.378    6.412    6.545    6.849    6.860    7.783    8.452    8.555
    8.825   14.920   15.719   16.082   16.940   17.058   17.700   18.740   18.952   19.519
   20.631   20.786
            0.250000  0.500000  0.250000
  -24.030  -11.343  -11.156  -10.807  -10.803  -10.796   -7.918   -7.600   -6.581   -6.054
   -5.864   -5.841    1.615    6.240    6.398    6.803    6.900    7.717    8.356    8.477
    8.752   14.877   15.850   16.303   16.777   17.031   17.628   18.710   19.028   19.498
   20.653   20.848
            0.225000  0.500000  0.225000
  -24.031  -11.385  -11.177  -10.805  -10.802  -10.793   -7.974   -7.599   -6.445   -6.042
   -5.856   -5.807    1.867    5.945    6.396    6.706    6.946    7.688    8.265    8.401
    8.671   14.799   15.947   16.513   16.623   17.051   17.534   18.617   19.208   19.468
   20.551   21.065
            0.200000  0.500000  0.200000
  -24.033  -11.424  -11.198  -10.804  -10.800  -10.790   -8.026   -7.592   -6.311   -6.030
   -5.858   -5.775    2.131    5.663    6.406    6.557    6.999    7.697    8.184    8.329
    8.584   14.695   16.009   16.479   16.709   17.102   17.407   18.555   19.416   19.417
   20.505   21.277
            0.175000  0.500000  0.175000
  -24.034  -11.461  -11.218  -10.802  -10.799  -10.787   -8.072   -7.579   -6.182   -6.018
   -5.867   -5.747    2.406    5.401    6.367    6.427    7.058    7.733    8.112    8.262
    8.491   14.579   16.035   16.349   16.889   17.170   17.253   18.538   19.334   19.643
   20.534   21.480
            0.150000  0.500000  0.150000
  -24.035  -11.493  -11.237  -10.801  -10.798  -10.784   -8.112   -7.563   -6.062   -6.007
   -5.882   -5.722    2.690    5.162    6.145    6.455    7.124    7.784    8.051    8.202
    8.393   14.461   16.028   16.234   17.051   17.087   17.244   18.555   19.223   19.886
   20.644   21.668
            0.125000  0.500000  0.125000
  -24.036  -11.521  -11.254  -10.799  -10.798  -10.782   -8.147   -7.545   -5.997   -5.953
   -5.901   -5.700    2.980    4.952    5.900    6.487    7.195    7.842    8.001    8.149
    8.293   14.349   15.994   16.136   16.931   17.193   17.316   18.592   19.096   20.142
   20.825   21.837
            0.100000  0.500000  0.100000
  -24.037  -11.544  -11.268  -10.798  -10.797  -10.780   -8.176   -7.525   -5.989   -5.922
   -5.858   -5.681    3.276    4.773    5.637    6.520    7.270    7.899    7.963    8.105
    8.191   14.250   15.939   16.055   16.799   17.312   17.383   18.634   18.966   20.404
   21.067   21.984
            0.075000  0.500000  0.075000
  -24.038  -11.562  -11.280  -10.797  -10.797  -10.779   -8.198   -7.507   -5.983   -5.942
   -5.781   -5.667    3.575    4.631    5.361    6.550    7.348    7.935    7.950    8.069
    8.093   14.167   15.874   15.991   16.699   17.408   17.442   18.675   18.848   20.663
   21.354   22.104
            0.050000  0.500000  0.050000
  -24.039  -11.576  -11.288  -10.797  -10.796  -10.778   -8.214   -7.493   -5.978   -5.959
   -5.724   -5.656    3.877    4.526    5.075    6.574    7.423    7.916    7.989    8.002
    8.043   14.106   15.814   15.946   16.632   17.477   17.490   18.707   18.751   20.898
   21.675   22.193
            0.025000  0.500000  0.025000
  -24.039  -11.584  -11.294  -10.796  -10.796  -10.777   -8.223   -7.483   -5.975   -5.970
   -5.689   -5.650    4.178    4.463    4.783    6.589    7.483    7.906    7.931    8.014
    8.028   14.068   15.771   15.919   16.594   17.519   17.522   18.688   18.727   21.075
   22.013   22.248
            0.000000  0.500000  0.000000
  -24.039  -11.586  -11.295  -10.796  -10.796  -10.777   -8.226   -7.480   -5.974   -5.974
   -5.677   -5.648    4.441    4.441    4.523    6.594    7.509    7.903    7.903    8.023
    8.023   14.055   15.756   15.909   16.582   17.534   17.534   18.666   18.734   21.144
   22.267   22.267
            0.500000  0.500000  0.000000
  -24.030  -11.455  -11.025  -10.812  -10.794  -10.794   -7.725   -7.725   -6.941   -5.953
   -5.787   -5.787    2.346    4.887    5.998    7.494    7.494    7.531    7.531    8.377
    9.065   15.841   16.665   17.031   17.495   17.495   17.597   17.597   18.400   19.230
   19.777   20.942
            0.500000  0.500000  0.025000
  -24.030  -11.453  -11.025  -10.812  -10.794  -10.794   -7.723   -7.723   -6.944   -5.954
   -5.789   -5.789    2.318    4.923    6.002    7.427    7.427    7.602    7.602    8.377
    9.065   15.834   16.671   17.035   17.333   17.333   17.755   17.755   18.397   19.220
   19.780   20.945
            0.500000  0.500000  0.050000
  -24.030  -11.446  -11.025  -10.812  -10.794  -10.794   -7.719   -7.719   -6.951   -5.957
   -5.794   -5.794    2.237    5.025    6.015    7.350    7.350    7.692    7.692    8.378
    9.066   15.812   16.687   17.045   17.127   17.127   17.949   17.949   18.390   19.190
   19.791   20.956
            0.500000  0.500000  0.075000
  -24.029  -11.435  -11.025  -10.812  -10.795  -10.795   -7.712   -7.712   -6.965   -5.963
   -5.803   -5.803    2.116    5.181    6.035    7.276    7.276    7.787    7.787    8.378
    9.068   15.775   16.715   16.918   16.918   17.062   18.138   18.138   18.378   19.142
   19.808   20.973
            0.500000  0.500000  0.100000
  -24.029  -11.419  -11.025  -10.812  -10.796  -10.796   -7.702   -7.702   -6.983   -5.971
   -5.816   -5.816    1.969    5.378    6.064    7.207    7.207    7.885    7.885    8.379
    9.071   15.725   16.709   16.709   16.754   17.088   18.319   18.319   18.361   19.077
   19.829   20.997
            0.500000  0.500000  0.125000
  -24.028  -11.400  -11.025  -10.812  -10.797  -10.797   -7.690   -7.690   -7.005   -5.980
   -5.832   -5.832    1.806    5.603    6.099    7.143    7.143    7.986    7.986    8.379
    9.074   15.662   16.501   16.501   16.803   17.123   18.341   18.490   18.490   18.998
   19.852   21.026
            0.500000  0.500000  0.150000
  -24.028  -11.376  -11.025  -10.813  -10.799  -10.799   -7.675   -7.675   -7.032   -5.991
   -5.850   -5.850    1.637    5.846    6.141    7.084    7.084    8.089    8.089    8.380
    9.078   15.588   16.296   16.296   16.863   17.168   18.317   18.649   18.649   18.908
   19.875   21.061
            0.500000  0.500000  0.175000
  -24.027  -11.349  -11.025  -10.813  -10.800  -10.800   -7.658   -7.658   -7.063   -6.003
   -5.871   -5.871    1.467    6.101    6.187    7.030    7.030    8.193    8.193    8.381
    9.083   15.504   16.095   16.095   16.932   17.222   18.290   18.794   18.794   18.810
   19.894   21.100
            0.500000  0.500000  0.200000
  -24.027  -11.320  -11.025  -10.814  -10.802  -10.802   -7.640   -7.640   -7.097   -6.017
   -5.895   -5.895    1.302    6.238    6.360    6.980    6.980    8.298    8.298    8.382
    9.088   15.413   15.900   15.900   17.011   17.287   18.261   18.706   18.925   18.925
   19.908   21.143
            0.500000  0.500000  0.225000
  -24.026  -11.289  -11.025  -10.814  -10.804  -10.804   -7.619   -7.619   -7.134   -6.030
   -5.920   -5.920    1.143    6.292    6.620    6.935    6.935    8.384    8.403    8.403
    9.093   15.315   15.711   15.711   17.098   17.361   18.231   18.601   19.040   19.040
   19.915   21.190
            0.500000  0.500000  0.250000
  -24.025  -11.255  -11.025  -10.814  -10.806  -10.806   -7.598   -7.598   -7.172   -6.045
   -5.946   -5.946    0.994    6.348    6.875    6.895    6.895    8.385    8.506    8.506
    9.098   15.215   15.531   15.531   17.193   17.445   18.201   18.495   19.139   19.139
   19.911   21.238
            0.500000  0.500000  0.275000
  -24.025  -11.222  -11.025  -10.815  -10.808  -10.808   -7.576   -7.576   -7.212   -6.059
   -5.973   -5.973    0.856    6.404    6.859    6.859    7.123    8.386    8.606    8.606
    9.103   15.113   15.361   15.361   17.293   17.537   18.170   18.393   19.222   19.222
   19.896   21.288
            0.500000  0.500000  0.300000
  -24.024  -11.188  -11.025  -10.816  -10.810  -10.810   -7.554   -7.554   -7.251   -6.072
   -6.000   -6.000    0.731    6.459    6.827    6.827    7.359    8.387    8.701    8.701
    9.109   15.012   15.201   15.201   17.398   17.637   18.141   18.295   19.289   19.289
   19.869   21.338
            0.500000  0.500000  0.325000
  -24.023  -11.155  -11.025  -10.816  -10.811  -10.811   -7.532   -7.532   -7.290   -6.085
   -6.027   -6.027    0.619    6.512    6.800    6.800    7.579    8.388    8.792    8.792
    9.114   14.915   15.055   15.055   17.506   17.743   18.113   18.203   19.343   19.343
   19.830   21.387
            0.500000  0.500000  0.350000
  -24.023  -11.124  -11.025  -10.816  -10.813  -10.813   -7.512   -7.512   -7.326   -6.097
   -6.052   -6.052    0.521    6.561    6.776    6.776    7.779    8.389    8.875    8.875
    9.118   14.824   14.923   14.923   17.612   17.853   18.088   18.121   19.384   19.384
   19.779   21.434
            0.500000  0.500000  0.375000
  -24.022  -11.096  -11.025  -10.817  -10.814  -10.814   -7.493   -7.493   -7.359   -6.108
   -6.075   -6.075    0.437    6.604    6.756    6.756    7.957    8.390    8.949    8.949
    9.122   14.741   14.808   14.808   17.714   17.964   18.048   18.065   19.415   19.415
   19.718   21.476
            0.500000  0.500000  0.400000
  -24.022  -11.072  -11.025  -10.817  -10.815  -10.815   -7.476   -7.476   -7.388   -6.117
   -6.095   -6.095    0.368    6.642    6.741    6.741    8.109    8.391    9.012    9.012
    9.126   14.669   14.710   14.710   17.808   17.988   18.046   18.072   19.437   19.437
   19.652   21.514
            0.500000  0.500000  0.425000
  -24.022  -11.052  -11.024  -10.817  -10.816  -10.816   -7.462   -7.462   -7.411   -6.124
   -6.111   -6.111    0.314    6.672    6.728    6.728    8.230    8.392    9.064    9.064
    9.129   14.610   14.632   14.632   17.884   17.943   18.030   18.171   19.451   19.451
   19.585   21.544
            0.500000  0.500000  0.450000
  -24.021  -11.037  -11.024  -10.817  -10.816  -10.816   -7.452   -7.452   -7.429   -6.129
   -6.123   -6.123    0.276    6.695    6.720    6.720    8.320    8.392    9.101    9.101
    9.131   14.566   14.576   14.576   17.895   17.960   18.019   18.254   19.461   19.461
   19.525   21.567
            0.500000  0.500000  0.475000
  -24.021  -11.027  -11.024  -10.817  -10.817  -10.817   -7.445   -7.445   -7.439   -6.132
   -6.131   -6.131    0.253    6.709    6.715    6.715    8.374    8.392    9.125    9.125
    9.132   14.539   14.541   14.541   17.876   17.996   18.012   18.310   19.466   19.466
   19.483   21.581
            0.500000  0.500000  0.500000
  -24.021  -11.024  -11.024  -10.817  -10.817  -10.817   -7.443   -7.443   -7.443   -6.133
   -6.133   -6.133    0.245    6.713    6.713    6.713    8.392    8.392    9.132    9.132
    9.132   14.530   14.530   14.530   17.869   18.010   18.010   18.330   19.468   19.468
   19.468   21.586
