#  E (eV)   dos(E)     Int dos(E) EFermi =   9.912 eV
 -50.000  0.0000E+00  0.0000E+00
 -49.900  0.0000E+00  0.0000E+00
 -49.800  0.0000E+00  0.0000E+00
 -49.700  0.0000E+00  0.0000E+00
 -49.600  0.0000E+00  0.0000E+00
 -49.500  0.0000E+00  0.0000E+00
 -49.400  0.0000E+00  0.0000E+00
 -49.300  0.0000E+00  0.0000E+00
 -49.200  0.0000E+00  0.0000E+00
 -49.100  0.0000E+00  0.0000E+00
 -49.000  0.0000E+00  0.0000E+00
 -48.900  0.0000E+00  0.0000E+00
 -48.800  0.0000E+00  0.0000E+00
 -48.700  0.0000E+00  0.0000E+00
 -48.600  0.0000E+00  0.0000E+00
 -48.500  0.0000E+00  0.0000E+00
 -48.400  0.0000E+00  0.0000E+00
 -48.300  0.0000E+00  0.0000E+00
 -48.200  0.0000E+00  0.0000E+00
 -48.100  0.0000E+00  0.0000E+00
 -48.000  0.0000E+00  0.0000E+00
 -47.900  0.0000E+00  0.0000E+00
 -47.800  0.0000E+00  0.0000E+00
 -47.700  0.0000E+00  0.0000E+00
 -47.600  0.0000E+00  0.0000E+00
 -47.500  0.0000E+00  0.0000E+00
 -47.400  0.0000E+00  0.0000E+00
 -47.300  0.0000E+00  0.0000E+00
 -47.200  0.0000E+00  0.0000E+00
 -47.100  0.0000E+00  0.0000E+00
 -47.000  0.0000E+00  0.0000E+00
 -46.900  0.0000E+00  0.0000E+00
 -46.800  0.0000E+00  0.0000E+00
 -46.700  0.0000E+00  0.0000E+00
 -46.600  0.0000E+00  0.0000E+00
 -46.500  0.0000E+00  0.0000E+00
 -46.400  0.0000E+00  0.0000E+00
 -46.300  0.0000E+00  0.0000E+00
 -46.200  0.0000E+00  0.0000E+00
 -46.100  0.0000E+00  0.0000E+00
 -46.000  0.0000E+00  0.0000E+00
 -45.900  0.0000E+00  0.0000E+00
 -45.800  0.0000E+00  0.0000E+00
 -45.700  0.0000E+00  0.0000E+00
 -45.600  0.0000E+00  0.0000E+00
 -45.500  0.0000E+00  0.0000E+00
 -45.400  0.0000E+00  0.0000E+00
 -45.300  0.0000E+00  0.0000E+00
 -45.200  0.0000E+00  0.0000E+00
 -45.100  0.0000E+00  0.0000E+00
 -45.000  0.0000E+00  0.0000E+00
 -44.900  0.0000E+00  0.0000E+00
 -44.800  0.0000E+00  0.0000E+00
 -44.700  0.0000E+00  0.0000E+00
 -44.600  0.0000E+00  0.0000E+00
 -44.500  0.0000E+00  0.0000E+00
 -44.400  0.0000E+00  0.0000E+00
 -44.300  0.0000E+00  0.0000E+00
 -44.200  0.0000E+00  0.0000E+00
 -44.100  0.0000E+00  0.0000E+00
 -44.000  0.0000E+00  0.0000E+00
 -43.900  0.0000E+00  0.0000E+00
 -43.800  0.0000E+00  0.0000E+00
 -43.700  0.0000E+00  0.0000E+00
 -43.600  0.0000E+00  0.0000E+00
 -43.500  0.0000E+00  0.0000E+00
 -43.400  0.0000E+00  0.0000E+00
 -43.300  0.0000E+00  0.0000E+00
 -43.200  0.0000E+00  0.0000E+00
 -43.100  0.0000E+00  0.0000E+00
 -43.000  0.0000E+00  0.0000E+00
 -42.900  0.0000E+00  0.0000E+00
 -42.800  0.0000E+00  0.0000E+00
 -42.700  0.0000E+00  0.0000E+00
 -42.600  0.0000E+00  0.0000E+00
 -42.500  0.0000E+00  0.0000E+00
 -42.400  0.0000E+00  0.0000E+00
 -42.300  0.0000E+00  0.0000E+00
 -42.200  0.0000E+00  0.0000E+00
 -42.100  0.0000E+00  0.0000E+00
 -42.000  0.0000E+00  0.0000E+00
 -41.900  0.0000E+00  0.0000E+00
 -41.800  0.0000E+00  0.0000E+00
 -41.700  0.0000E+00  0.0000E+00
 -41.600  0.0000E+00  0.0000E+00
 -41.500  0.0000E+00  0.0000E+00
 -41.400  0.0000E+00  0.0000E+00
 -41.300  0.0000E+00  0.0000E+00
 -41.200  0.0000E+00  0.0000E+00
 -41.100  0.0000E+00  0.0000E+00
 -41.000  0.0000E+00  0.0000E+00
 -40.900  0.0000E+00  0.0000E+00
 -40.800  0.0000E+00  0.0000E+00
 -40.700  0.0000E+00  0.0000E+00
 -40.600  0.0000E+00  0.0000E+00
 -40.500  0.0000E+00  0.0000E+00
 -40.400  0.0000E+00  0.0000E+00
 -40.300  0.0000E+00  0.0000E+00
 -40.200  0.0000E+00  0.0000E+00
 -40.100  0.0000E+00  0.0000E+00
 -40.000  0.0000E+00  0.0000E+00
 -39.900  0.0000E+00  0.0000E+00
 -39.800  0.0000E+00  0.0000E+00
 -39.700  0.0000E+00  0.0000E+00
 -39.600  0.0000E+00  0.0000E+00
 -39.500  0.0000E+00  0.0000E+00
 -39.400  0.0000E+00  0.0000E+00
 -39.300  0.0000E+00  0.0000E+00
 -39.200  0.0000E+00  0.0000E+00
 -39.100  0.0000E+00  0.0000E+00
 -39.000  0.0000E+00  0.0000E+00
 -38.900  0.0000E+00  0.0000E+00
 -38.800  0.0000E+00  0.0000E+00
 -38.700  0.0000E+00  0.0000E+00
 -38.600  0.0000E+00  0.0000E+00
 -38.500  0.0000E+00  0.0000E+00
 -38.400  0.0000E+00  0.0000E+00
 -38.300  0.0000E+00  0.0000E+00
 -38.200  0.0000E+00  0.0000E+00
 -38.100  0.0000E+00  0.0000E+00
 -38.000  0.0000E+00  0.0000E+00
 -37.900  0.0000E+00  0.0000E+00
 -37.800  0.0000E+00  0.0000E+00
 -37.700  0.0000E+00  0.0000E+00
 -37.600  0.0000E+00  0.0000E+00
 -37.500  0.0000E+00  0.0000E+00
 -37.400  0.0000E+00  0.0000E+00
 -37.300  0.0000E+00  0.0000E+00
 -37.200  0.0000E+00  0.0000E+00
 -37.100  0.0000E+00  0.0000E+00
 -37.000  0.0000E+00  0.0000E+00
 -36.900  0.0000E+00  0.0000E+00
 -36.800  0.0000E+00  0.0000E+00
 -36.700  0.0000E+00  0.0000E+00
 -36.600  0.0000E+00  0.0000E+00
 -36.500  0.0000E+00  0.0000E+00
 -36.400  0.0000E+00  0.0000E+00
 -36.300  0.0000E+00  0.0000E+00
 -36.200  0.0000E+00  0.0000E+00
 -36.100  0.0000E+00  0.0000E+00
 -36.000  0.0000E+00  0.0000E+00
 -35.900  0.0000E+00  0.0000E+00
 -35.800  0.0000E+00  0.0000E+00
 -35.700  0.0000E+00  0.0000E+00
 -35.600  0.0000E+00  0.0000E+00
 -35.500  0.0000E+00  0.0000E+00
 -35.400  0.0000E+00  0.0000E+00
 -35.300  0.0000E+00  0.0000E+00
 -35.200  0.0000E+00  0.0000E+00
 -35.100  0.0000E+00  0.0000E+00
 -35.000  0.0000E+00  0.0000E+00
 -34.900  0.0000E+00  0.0000E+00
 -34.800  0.0000E+00  0.0000E+00
 -34.700  0.0000E+00  0.0000E+00
 -34.600  0.0000E+00  0.0000E+00
 -34.500  0.0000E+00  0.0000E+00
 -34.400  0.0000E+00  0.0000E+00
 -34.300  0.0000E+00  0.0000E+00
 -34.200  0.0000E+00  0.0000E+00
 -34.100  0.0000E+00  0.0000E+00
 -34.000  0.0000E+00  0.0000E+00
 -33.900  0.0000E+00  0.0000E+00
 -33.800  0.0000E+00  0.0000E+00
 -33.700  0.0000E+00  0.0000E+00
 -33.600  0.0000E+00  0.0000E+00
 -33.500  0.0000E+00  0.0000E+00
 -33.400  0.0000E+00  0.0000E+00
 -33.300  0.0000E+00  0.0000E+00
 -33.200  0.0000E+00  0.0000E+00
 -33.100  0.0000E+00  0.0000E+00
 -33.000  0.0000E+00  0.0000E+00
 -32.900  0.0000E+00  0.0000E+00
 -32.800  0.0000E+00  0.0000E+00
 -32.700  0.0000E+00  0.0000E+00
 -32.600  0.0000E+00  0.0000E+00
 -32.500  0.0000E+00  0.0000E+00
 -32.400  0.0000E+00  0.0000E+00
 -32.300  0.0000E+00  0.0000E+00
 -32.200  0.0000E+00  0.0000E+00
 -32.100  0.0000E+00  0.0000E+00
 -32.000  0.0000E+00  0.0000E+00
 -31.900  0.0000E+00  0.0000E+00
 -31.800  0.0000E+00  0.0000E+00
 -31.700  0.0000E+00  0.0000E+00
 -31.600  0.0000E+00  0.0000E+00
 -31.500  0.0000E+00  0.0000E+00
 -31.400  0.0000E+00  0.0000E+00
 -31.300  0.0000E+00  0.0000E+00
 -31.200  0.0000E+00  0.0000E+00
 -31.100  0.0000E+00  0.0000E+00
 -31.000  0.0000E+00  0.0000E+00
 -30.900  0.0000E+00  0.0000E+00
 -30.800  0.0000E+00  0.0000E+00
 -30.700  0.0000E+00  0.0000E+00
 -30.600  0.0000E+00  0.0000E+00
 -30.500  0.0000E+00  0.0000E+00
 -30.400  0.0000E+00  0.0000E+00
 -30.300  0.0000E+00  0.0000E+00
 -30.200  0.0000E+00  0.0000E+00
 -30.100  0.0000E+00  0.0000E+00
 -30.000  0.0000E+00  0.0000E+00
 -29.900  0.0000E+00  0.0000E+00
 -29.800  0.0000E+00  0.0000E+00
 -29.700  0.0000E+00  0.0000E+00
 -29.600  0.0000E+00  0.0000E+00
 -29.500  0.0000E+00  0.0000E+00
 -29.400  0.0000E+00  0.0000E+00
 -29.300  0.0000E+00  0.0000E+00
 -29.200  0.0000E+00  0.0000E+00
 -29.100  0.0000E+00  0.0000E+00
 -29.000  0.0000E+00  0.0000E+00
 -28.900  0.0000E+00  0.0000E+00
 -28.800  0.0000E+00  0.0000E+00
 -28.700  0.0000E+00  0.0000E+00
 -28.600  0.0000E+00  0.0000E+00
 -28.500  0.0000E+00  0.0000E+00
 -28.400  0.0000E+00  0.0000E+00
 -28.300  0.0000E+00  0.0000E+00
 -28.200  0.0000E+00  0.0000E+00
 -28.100  0.0000E+00  0.0000E+00
 -28.000  0.0000E+00  0.0000E+00
 -27.900  0.0000E+00  0.0000E+00
 -27.800  0.0000E+00  0.0000E+00
 -27.700  0.0000E+00  0.0000E+00
 -27.600  0.0000E+00  0.0000E+00
 -27.500  0.0000E+00  0.0000E+00
 -27.400  0.0000E+00  0.0000E+00
 -27.300  0.0000E+00  0.0000E+00
 -27.200  0.0000E+00  0.0000E+00
 -27.100  0.0000E+00  0.0000E+00
 -27.000  0.0000E+00  0.0000E+00
 -26.900  0.0000E+00  0.0000E+00
 -26.800  0.0000E+00  0.0000E+00
 -26.700  0.0000E+00  0.0000E+00
 -26.600  0.0000E+00  0.0000E+00
 -26.500  0.0000E+00  0.0000E+00
 -26.400  0.0000E+00  0.0000E+00
 -26.300  0.0000E+00  0.0000E+00
 -26.200  0.0000E+00  0.0000E+00
 -26.100  0.0000E+00  0.0000E+00
 -26.000  0.0000E+00  0.0000E+00
 -25.900  0.0000E+00  0.0000E+00
 -25.800  0.0000E+00  0.0000E+00
 -25.700  0.0000E+00  0.0000E+00
 -25.600  0.0000E+00  0.0000E+00
 -25.500  0.0000E+00  0.0000E+00
 -25.400  0.0000E+00  0.0000E+00
 -25.300  0.0000E+00  0.0000E+00
 -25.200  0.0000E+00  0.0000E+00
 -25.100  0.0000E+00  0.0000E+00
 -25.000  0.0000E+00  0.0000E+00
 -24.900  0.0000E+00  0.0000E+00
 -24.800  0.0000E+00  0.0000E+00
 -24.700  0.0000E+00  0.0000E+00
 -24.600  0.0000E+00  0.0000E+00
 -24.500  0.0000E+00  0.0000E+00
 -24.400  0.0000E+00  0.0000E+00
 -24.300  0.0000E+00  0.0000E+00
 -24.200  0.0000E+00  0.0000E+00
 -24.100  0.0000E+00  0.0000E+00
 -24.000  0.0000E+00  0.0000E+00
 -23.900  0.0000E+00  0.0000E+00
 -23.800  0.0000E+00  0.0000E+00
 -23.700  0.0000E+00  0.0000E+00
 -23.600  0.0000E+00  0.0000E+00
 -23.500  0.0000E+00  0.0000E+00
 -23.400  0.0000E+00  0.0000E+00
 -23.300  0.0000E+00  0.0000E+00
 -23.200  0.0000E+00  0.0000E+00
 -23.100  0.0000E+00  0.0000E+00
 -23.000  0.0000E+00  0.0000E+00
 -22.900  0.0000E+00  0.0000E+00
 -22.800  0.0000E+00  0.0000E+00
 -22.700  0.0000E+00  0.0000E+00
 -22.600  0.0000E+00  0.0000E+00
 -22.500  0.0000E+00  0.0000E+00
 -22.400  0.0000E+00  0.0000E+00
 -22.300  0.0000E+00  0.0000E+00
 -22.200  0.0000E+00  0.0000E+00
 -22.100  0.0000E+00  0.0000E+00
 -22.000  0.0000E+00  0.0000E+00
 -21.900  0.0000E+00  0.0000E+00
 -21.800  0.0000E+00  0.0000E+00
 -21.700  0.0000E+00  0.0000E+00
 -21.600  0.0000E+00  0.0000E+00
 -21.500  0.0000E+00  0.0000E+00
 -21.400  0.0000E+00  0.0000E+00
 -21.300  0.0000E+00  0.0000E+00
 -21.200  0.0000E+00  0.0000E+00
 -21.100  0.0000E+00  0.0000E+00
 -21.000  0.0000E+00  0.0000E+00
 -20.900  0.0000E+00  0.0000E+00
 -20.800  0.0000E+00  0.0000E+00
 -20.700  0.0000E+00  0.0000E+00
 -20.600  0.0000E+00  0.0000E+00
 -20.500  0.0000E+00  0.0000E+00
 -20.400  0.0000E+00  0.0000E+00
 -20.300  0.0000E+00  0.0000E+00
 -20.200  0.0000E+00  0.0000E+00
 -20.100  0.0000E+00  0.0000E+00
 -20.000  0.0000E+00  0.0000E+00
 -19.900  0.0000E+00  0.0000E+00
 -19.800  0.0000E+00  0.0000E+00
 -19.700  0.0000E+00  0.0000E+00
 -19.600  0.0000E+00  0.0000E+00
 -19.500  0.0000E+00  0.0000E+00
 -19.400  0.0000E+00  0.0000E+00
 -19.300  0.0000E+00  0.0000E+00
 -19.200  0.0000E+00  0.0000E+00
 -19.100  0.0000E+00  0.0000E+00
 -19.000  0.0000E+00  0.0000E+00
 -18.900  0.0000E+00  0.0000E+00
 -18.800  0.0000E+00  0.0000E+00
 -18.700  0.0000E+00  0.0000E+00
 -18.600  0.0000E+00  0.0000E+00
 -18.500  0.0000E+00  0.0000E+00
 -18.400  0.0000E+00  0.0000E+00
 -18.300  0.0000E+00  0.0000E+00
 -18.200  0.0000E+00  0.0000E+00
 -18.100  0.0000E+00  0.0000E+00
 -18.000  0.0000E+00  0.0000E+00
 -17.900  0.0000E+00  0.0000E+00
 -17.800  0.0000E+00  0.0000E+00
 -17.700  0.0000E+00  0.0000E+00
 -17.600  0.0000E+00  0.0000E+00
 -17.500  0.0000E+00  0.0000E+00
 -17.400  0.0000E+00  0.0000E+00
 -17.300  0.0000E+00  0.0000E+00
 -17.200  0.0000E+00  0.0000E+00
 -17.100  0.0000E+00  0.0000E+00
 -17.000  0.0000E+00  0.0000E+00
 -16.900  0.0000E+00  0.0000E+00
 -16.800  0.0000E+00  0.0000E+00
 -16.700  0.0000E+00  0.0000E+00
 -16.600  0.0000E+00  0.0000E+00
 -16.500  0.0000E+00  0.0000E+00
 -16.400  0.0000E+00  0.0000E+00
 -16.300  0.0000E+00  0.0000E+00
 -16.200  0.0000E+00  0.0000E+00
 -16.100  0.0000E+00  0.0000E+00
 -16.000  0.0000E+00  0.0000E+00
 -15.900  0.0000E+00  0.0000E+00
 -15.800  0.0000E+00  0.0000E+00
 -15.700  0.0000E+00  0.0000E+00
 -15.600  0.0000E+00  0.0000E+00
 -15.500  0.0000E+00  0.0000E+00
 -15.400  0.0000E+00  0.0000E+00
 -15.300  0.0000E+00  0.0000E+00
 -15.200  0.0000E+00  0.0000E+00
 -15.100  0.0000E+00  0.0000E+00
 -15.000  0.0000E+00  0.0000E+00
 -14.900  0.0000E+00  0.0000E+00
 -14.800  0.0000E+00  0.0000E+00
 -14.700  0.0000E+00  0.0000E+00
 -14.600  0.0000E+00  0.0000E+00
 -14.500  0.0000E+00  0.0000E+00
 -14.400  0.0000E+00  0.0000E+00
 -14.300  0.0000E+00  0.0000E+00
 -14.200  0.0000E+00  0.0000E+00
 -14.100  0.0000E+00  0.0000E+00
 -14.000  0.0000E+00  0.0000E+00
 -13.900  0.0000E+00  0.0000E+00
 -13.800  0.0000E+00  0.0000E+00
 -13.700  0.0000E+00  0.0000E+00
 -13.600  0.0000E+00  0.0000E+00
 -13.500  0.0000E+00  0.0000E+00
 -13.400  0.0000E+00  0.0000E+00
 -13.300  0.0000E+00  0.0000E+00
 -13.200  0.0000E+00  0.0000E+00
 -13.100  0.0000E+00  0.0000E+00
 -13.000  0.0000E+00  0.0000E+00
 -12.900  0.0000E+00  0.0000E+00
 -12.800  0.0000E+00  0.0000E+00
 -12.700  0.0000E+00  0.0000E+00
 -12.600  0.0000E+00  0.0000E+00
 -12.500  0.0000E+00  0.0000E+00
 -12.400  0.0000E+00  0.0000E+00
 -12.300  0.0000E+00  0.0000E+00
 -12.200  0.0000E+00  0.0000E+00
 -12.100  0.0000E+00  0.0000E+00
 -12.000  0.0000E+00  0.0000E+00
 -11.900  0.0000E+00  0.0000E+00
 -11.800  0.0000E+00  0.0000E+00
 -11.700  0.0000E+00  0.0000E+00
 -11.600  0.0000E+00  0.0000E+00
 -11.500  0.1137E+02  0.1137E+01
 -11.400  0.7641E+01  0.1901E+01
 -11.300  0.7525E+01  0.2654E+01
 -11.200  0.6985E+01  0.3352E+01
 -11.100  0.5292E+01  0.3882E+01
 -11.000  0.0000E+00  0.3882E+01
 -10.900  0.0000E+00  0.3882E+01
 -10.800  0.1760E+03  0.2148E+02
 -10.700  0.0000E+00  0.2148E+02
 -10.600  0.0000E+00  0.2148E+02
 -10.500  0.0000E+00  0.2148E+02
 -10.400  0.0000E+00  0.2148E+02
 -10.300  0.0000E+00  0.2148E+02
 -10.200  0.0000E+00  0.2148E+02
 -10.100  0.0000E+00  0.2148E+02
 -10.000  0.0000E+00  0.2148E+02
  -9.900  0.0000E+00  0.2148E+02
  -9.800  0.0000E+00  0.2148E+02
  -9.700  0.0000E+00  0.2148E+02
  -9.600  0.0000E+00  0.2148E+02
  -9.500  0.0000E+00  0.2148E+02
  -9.400  0.0000E+00  0.2148E+02
  -9.300  0.0000E+00  0.2148E+02
  -9.200  0.0000E+00  0.2148E+02
  -9.100  0.0000E+00  0.2148E+02
  -9.000  0.0000E+00  0.2148E+02
  -8.900  0.0000E+00  0.2148E+02
  -8.800  0.0000E+00  0.2148E+02
  -8.700  0.1109E+01  0.2159E+02
  -8.600  0.1204E+01  0.2171E+02
  -8.500  0.1708E+01  0.2188E+02
  -8.400  0.2027E+01  0.2208E+02
  -8.300  0.2407E+01  0.2232E+02
  -8.200  0.2743E+01  0.2260E+02
  -8.100  0.2357E+01  0.2283E+02
  -8.000  0.2098E+01  0.2304E+02
  -7.900  0.1812E+01  0.2322E+02
  -7.800  0.1379E+01  0.2336E+02
  -7.700  0.1070E+01  0.2347E+02
  -7.600  0.2854E+01  0.2375E+02
  -7.500  0.3556E+01  0.2411E+02
  -7.400  0.2779E+01  0.2439E+02
  -7.300  0.2452E+01  0.2463E+02
  -7.200  0.2374E+01  0.2487E+02
  -7.100  0.2192E+01  0.2509E+02
  -7.000  0.1585E+01  0.2525E+02
  -6.900  0.1679E+01  0.2542E+02
  -6.800  0.1791E+01  0.2560E+02
  -6.700  0.1882E+01  0.2578E+02
  -6.600  0.2098E+01  0.2599E+02
  -6.500  0.2110E+01  0.2620E+02
  -6.400  0.2394E+01  0.2644E+02
  -6.300  0.2278E+01  0.2667E+02
  -6.200  0.2312E+01  0.2690E+02
  -6.100  0.3832E+01  0.2729E+02
  -6.000  0.2244E+02  0.2953E+02
  -5.900  0.9840E+01  0.3051E+02
  -5.800  0.1432E+02  0.3194E+02
  -5.700  0.1369E+02  0.3331E+02
  -5.600  0.0000E+00  0.3331E+02
  -5.500  0.0000E+00  0.3331E+02
  -5.400  0.0000E+00  0.3331E+02
  -5.300  0.0000E+00  0.3331E+02
  -5.200  0.0000E+00  0.3331E+02
  -5.100  0.0000E+00  0.3331E+02
  -5.000  0.0000E+00  0.3331E+02
  -4.900  0.0000E+00  0.3331E+02
  -4.800  0.0000E+00  0.3331E+02
  -4.700  0.0000E+00  0.3331E+02
  -4.600  0.0000E+00  0.3331E+02
  -4.500  0.0000E+00  0.3331E+02
  -4.400  0.0000E+00  0.3331E+02
  -4.300  0.0000E+00  0.3331E+02
  -4.200  0.0000E+00  0.3331E+02
  -4.100  0.0000E+00  0.3331E+02
  -4.000  0.0000E+00  0.3331E+02
  -3.900  0.0000E+00  0.3331E+02
  -3.800  0.0000E+00  0.3331E+02
  -3.700  0.0000E+00  0.3331E+02
  -3.600  0.0000E+00  0.3331E+02
  -3.500  0.0000E+00  0.3331E+02
  -3.400  0.0000E+00  0.3331E+02
  -3.300  0.0000E+00  0.3331E+02
  -3.200  0.0000E+00  0.3331E+02
  -3.100  0.0000E+00  0.3331E+02
  -3.000  0.0000E+00  0.3331E+02
  -2.900  0.0000E+00  0.3331E+02
  -2.800  0.0000E+00  0.3331E+02
  -2.700  0.0000E+00  0.3331E+02
  -2.600  0.0000E+00  0.3331E+02
  -2.500  0.0000E+00  0.3331E+02
  -2.400  0.0000E+00  0.3331E+02
  -2.300  0.0000E+00  0.3331E+02
  -2.200  0.0000E+00  0.3331E+02
  -2.100  0.0000E+00  0.3331E+02
  -2.000  0.0000E+00  0.3331E+02
  -1.900  0.0000E+00  0.3331E+02
  -1.800  0.0000E+00  0.3331E+02
  -1.700  0.0000E+00  0.3331E+02
  -1.600  0.0000E+00  0.3331E+02
  -1.500  0.0000E+00  0.3331E+02
  -1.400  0.0000E+00  0.3331E+02
  -1.300  0.0000E+00  0.3331E+02
  -1.200  0.0000E+00  0.3331E+02
  -1.100  0.0000E+00  0.3331E+02
  -1.000  0.0000E+00  0.3331E+02
  -0.900  0.0000E+00  0.3331E+02
  -0.800  0.0000E+00  0.3331E+02
  -0.700  0.0000E+00  0.3331E+02
  -0.600  0.0000E+00  0.3331E+02
  -0.500  0.0000E+00  0.3331E+02
  -0.400  0.0000E+00  0.3331E+02
  -0.300  0.0000E+00  0.3331E+02
  -0.200  0.0000E+00  0.3331E+02
  -0.100  0.0000E+00  0.3331E+02
   0.000  0.0000E+00  0.3331E+02
   0.100  0.0000E+00  0.3331E+02
   0.200  0.0000E+00  0.3331E+02
   0.300  0.3058E-02  0.3331E+02
   0.400  0.2437E-01  0.3332E+02
   0.500  0.6601E-01  0.3332E+02
   0.600  0.1291E+00  0.3334E+02
   0.700  0.1932E+00  0.3336E+02
   0.800  0.2339E+00  0.3338E+02
   0.900  0.2510E+00  0.3340E+02
   1.000  0.2572E+00  0.3343E+02
   1.100  0.2758E+00  0.3346E+02
   1.200  0.3063E+00  0.3349E+02
   1.300  0.3414E+00  0.3352E+02
   1.400  0.3784E+00  0.3356E+02
   1.500  0.4173E+00  0.3360E+02
   1.600  0.4588E+00  0.3365E+02
   1.700  0.5044E+00  0.3370E+02
   1.800  0.5581E+00  0.3375E+02
   1.900  0.6225E+00  0.3382E+02
   2.000  0.6869E+00  0.3389E+02
   2.100  0.7455E+00  0.3396E+02
   2.200  0.8066E+00  0.3404E+02
   2.300  0.8703E+00  0.3413E+02
   2.400  0.9280E+00  0.3422E+02
   2.500  0.9355E+00  0.3431E+02
   2.600  0.8902E+00  0.3440E+02
   2.700  0.8491E+00  0.3449E+02
   2.800  0.8317E+00  0.3457E+02
   2.900  0.8126E+00  0.3465E+02
   3.000  0.7867E+00  0.3473E+02
   3.100  0.7540E+00  0.3481E+02
   3.200  0.7138E+00  0.3488E+02
   3.300  0.6533E+00  0.3494E+02
   3.400  0.5778E+00  0.3500E+02
   3.500  0.5262E+00  0.3505E+02
   3.600  0.4816E+00  0.3510E+02
   3.700  0.4439E+00  0.3515E+02
   3.800  0.4081E+00  0.3519E+02
   3.900  0.3665E+00  0.3522E+02
   4.000  0.3191E+00  0.3526E+02
   4.100  0.2660E+00  0.3528E+02
   4.200  0.2071E+00  0.3530E+02
   4.300  0.1512E+00  0.3532E+02
   4.400  0.1005E+01  0.3542E+02
   4.500  0.1715E+01  0.3559E+02
   4.600  0.1414E+01  0.3573E+02
   4.700  0.1605E+01  0.3589E+02
   4.800  0.1709E+01  0.3606E+02
   4.900  0.1673E+01  0.3623E+02
   5.000  0.1582E+01  0.3639E+02
   5.100  0.1488E+01  0.3654E+02
   5.200  0.1427E+01  0.3668E+02
   5.300  0.1392E+01  0.3682E+02
   5.400  0.1369E+01  0.3696E+02
   5.500  0.1350E+01  0.3709E+02
   5.600  0.1334E+01  0.3722E+02
   5.700  0.1320E+01  0.3736E+02
   5.800  0.1393E+01  0.3750E+02
   5.900  0.1648E+01  0.3766E+02
   6.000  0.1921E+01  0.3785E+02
   6.100  0.2525E+01  0.3810E+02
   6.200  0.3670E+01  0.3847E+02
   6.300  0.3434E+01  0.3881E+02
   6.400  0.1382E+01  0.3895E+02
   6.500  0.3212E+01  0.3927E+02
   6.600  0.2948E+01  0.3957E+02
   6.700  0.4293E+01  0.4000E+02
   6.800  0.6086E+01  0.4061E+02
   6.900  0.3532E+01  0.4096E+02
   7.000  0.1954E+01  0.4116E+02
   7.100  0.4655E+01  0.4162E+02
   7.200  0.5153E+01  0.4214E+02
   7.300  0.4503E+01  0.4259E+02
   7.400  0.4033E+01  0.4299E+02
   7.500  0.3143E+01  0.4330E+02
   7.600  0.4720E+01  0.4378E+02
   7.700  0.6513E+01  0.4443E+02
   7.800  0.6515E+01  0.4508E+02
   7.900  0.3921E+01  0.4547E+02
   8.000  0.4944E+01  0.4597E+02
   8.100  0.8012E+01  0.4677E+02
   8.200  0.9075E+01  0.4767E+02
   8.300  0.8958E+01  0.4857E+02
   8.400  0.7896E+01  0.4936E+02
   8.500  0.4383E+01  0.4980E+02
   8.600  0.3762E+01  0.5017E+02
   8.700  0.3426E+01  0.5052E+02
   8.800  0.3064E+01  0.5082E+02
   8.900  0.3157E+01  0.5114E+02
   9.000  0.1789E+01  0.5132E+02
   9.100  0.4286E+00  0.5136E+02
   9.200  0.0000E+00  0.5136E+02
   9.300  0.0000E+00  0.5136E+02
   9.400  0.0000E+00  0.5136E+02
   9.500  0.0000E+00  0.5136E+02
   9.600  0.0000E+00  0.5136E+02
   9.700  0.0000E+00  0.5136E+02
   9.800  0.0000E+00  0.5136E+02
   9.900  0.0000E+00  0.5136E+02
  10.000  0.0000E+00  0.5136E+02
  10.100  0.1370E-03  0.5136E+02
  10.200  0.1073E-02  0.5136E+02
  10.300  0.2897E-02  0.5136E+02
  10.400  0.5607E-02  0.5136E+02
  10.500  0.9204E-02  0.5136E+02
  10.600  0.1369E-01  0.5136E+02
  10.700  0.1906E-01  0.5137E+02
  10.800  0.2532E-01  0.5137E+02
  10.900  0.3246E-01  0.5137E+02
  11.000  0.4050E-01  0.5138E+02
  11.100  0.5026E-01  0.5138E+02
  11.200  0.6862E-01  0.5139E+02
  11.300  0.8505E-01  0.5140E+02
  11.400  0.9956E-01  0.5141E+02
  11.500  0.1121E+00  0.5142E+02
  11.600  0.1228E+00  0.5143E+02
  11.700  0.1315E+00  0.5144E+02
  11.800  0.1358E+00  0.5146E+02
  11.900  0.1400E+00  0.5147E+02
  12.000  0.1465E+00  0.5148E+02
  12.100  0.1553E+00  0.5150E+02
  12.200  0.1665E+00  0.5152E+02
  12.300  0.1793E+00  0.5154E+02
  12.400  0.1927E+00  0.5155E+02
  12.500  0.2067E+00  0.5157E+02
  12.600  0.2212E+00  0.5160E+02
  12.700  0.2363E+00  0.5162E+02
  12.800  0.2520E+00  0.5165E+02
  12.900  0.2683E+00  0.5167E+02
  13.000  0.2863E+00  0.5170E+02
  13.100  0.3095E+00  0.5173E+02
  13.200  0.3381E+00  0.5177E+02
  13.300  0.3763E+00  0.5180E+02
  13.400  0.4288E+00  0.5185E+02
  13.500  0.4810E+00  0.5189E+02
  13.600  0.5236E+00  0.5195E+02
  13.700  0.5653E+00  0.5200E+02
  13.800  0.6100E+00  0.5206E+02
  13.900  0.6577E+00  0.5213E+02
  14.000  0.7084E+00  0.5220E+02
  14.100  0.7593E+00  0.5228E+02
  14.200  0.7900E+00  0.5236E+02
  14.300  0.7961E+00  0.5244E+02
  14.400  0.8260E+00  0.5252E+02
  14.500  0.9179E+00  0.5261E+02
  14.600  0.1142E+01  0.5272E+02
  14.700  0.1416E+01  0.5287E+02
  14.800  0.1693E+01  0.5304E+02
  14.900  0.1717E+01  0.5321E+02
  15.000  0.1558E+01  0.5336E+02
  15.100  0.1500E+01  0.5351E+02
  15.200  0.1582E+01  0.5367E+02
  15.300  0.1619E+01  0.5383E+02
  15.400  0.1718E+01  0.5400E+02
  15.500  0.1954E+01  0.5420E+02
  15.600  0.2326E+01  0.5443E+02
  15.700  0.2922E+01  0.5472E+02
  15.800  0.3732E+01  0.5510E+02
  15.900  0.4802E+01  0.5558E+02
  16.000  0.5312E+01  0.5611E+02
  16.100  0.4281E+01  0.5654E+02
  16.200  0.3484E+01  0.5689E+02
  16.300  0.3276E+01  0.5721E+02
  16.400  0.2528E+01  0.5747E+02
  16.500  0.2406E+01  0.5771E+02
  16.600  0.3582E+01  0.5807E+02
  16.700  0.5432E+01  0.5861E+02
  16.800  0.6953E+01  0.5930E+02
  16.900  0.5295E+01  0.5983E+02
  17.000  0.5928E+01  0.6043E+02
  17.100  0.6886E+01  0.6111E+02
  17.200  0.7074E+01  0.6182E+02
  17.300  0.5432E+01  0.6237E+02
  17.400  0.4018E+01  0.6277E+02
  17.500  0.3331E+01  0.6310E+02
  17.600  0.2821E+01  0.6338E+02
  17.700  0.2135E+01  0.6360E+02
  17.800  0.1822E+01  0.6378E+02
  17.900  0.1737E+01  0.6395E+02
  18.000  0.1699E+01  0.6412E+02
  18.100  0.1478E+01  0.6427E+02
  18.200  0.1684E+01  0.6444E+02
  18.300  0.2203E+01  0.6466E+02
  18.400  0.2556E+01  0.6491E+02
  18.500  0.3084E+01  0.6522E+02
  18.600  0.1152E+01  0.6534E+02
  18.700  0.4020E+00  0.6538E+02
  18.800  0.5974E+00  0.6544E+02
  18.900  0.9713E+00  0.6553E+02
  19.000  0.1413E+01  0.6568E+02
  19.100  0.2035E+01  0.6588E+02
  19.200  0.2895E+01  0.6617E+02
  19.300  0.3549E+01  0.6652E+02
  19.400  0.2932E+01  0.6682E+02
  19.500  0.2651E+01  0.6708E+02
  19.600  0.2301E+01  0.6731E+02
  19.700  0.2055E+01  0.6752E+02
  19.800  0.1766E+01  0.6769E+02
  19.900  0.1823E+01  0.6788E+02
  20.000  0.2183E+01  0.6809E+02
  20.100  0.2464E+01  0.6834E+02
  20.200  0.2461E+01  0.6859E+02
  20.300  0.2372E+01  0.6882E+02
  20.400  0.2206E+01  0.6904E+02
  20.500  0.2013E+01  0.6925E+02
  20.600  0.1776E+01  0.6942E+02
  20.700  0.1676E+01  0.6959E+02
  20.800  0.1596E+01  0.6975E+02
  20.900  0.1992E+01  0.6995E+02
  21.000  0.2432E+01  0.7019E+02
  21.100  0.2704E+01  0.7046E+02
  21.200  0.2889E+01  0.7075E+02
  21.300  0.2929E+01  0.7105E+02
  21.400  0.2871E+01  0.7133E+02
  21.500  0.2686E+01  0.7160E+02
  21.600  0.2922E+01  0.7189E+02
  21.700  0.3449E+01  0.7224E+02
  21.800  0.2876E+01  0.7253E+02
  21.900  0.2295E+01  0.7276E+02
  22.000  0.7787E+00  0.7283E+02
  22.100  0.6107E+00  0.7289E+02
  22.200  0.5071E+00  0.7295E+02
  22.300  0.4328E+00  0.7299E+02
  22.400  0.3714E+00  0.7303E+02
  22.500  0.3182E+00  0.7306E+02
  22.600  0.2728E+00  0.7308E+02
  22.700  0.2350E+00  0.7311E+02
  22.800  0.2048E+00  0.7313E+02
  22.900  0.1820E+00  0.7315E+02
  23.000  0.1641E+00  0.7316E+02
  23.100  0.1488E+00  0.7318E+02
  23.200  0.1343E+00  0.7319E+02
  23.300  0.1205E+00  0.7320E+02
  23.400  0.1075E+00  0.7321E+02
  23.500  0.9524E-01  0.7322E+02
  23.600  0.8382E-01  0.7323E+02
  23.700  0.7320E-01  0.7324E+02
  23.800  0.6338E-01  0.7325E+02
  23.900  0.5434E-01  0.7325E+02
  24.000  0.4610E-01  0.7326E+02
  24.100  0.3851E-01  0.7326E+02
  24.200  0.3025E-01  0.7326E+02
  24.300  0.2298E-01  0.7327E+02
  24.400  0.1671E-01  0.7327E+02
  24.500  0.1143E-01  0.7327E+02
  24.600  0.7156E-02  0.7327E+02
  24.700  0.3877E-02  0.7327E+02
  24.800  0.1595E-02  0.7327E+02
  24.900  0.3100E-03  0.7327E+02
  25.000  0.0000E+00  0.7327E+02
  25.100  0.0000E+00  0.7327E+02
  25.200  0.0000E+00  0.7327E+02
  25.300  0.0000E+00  0.7327E+02
  25.400  0.0000E+00  0.7327E+02
  25.500  0.0000E+00  0.7327E+02
  25.600  0.0000E+00  0.7327E+02
  25.700  0.0000E+00  0.7327E+02
  25.800  0.0000E+00  0.7327E+02
  25.900  0.0000E+00  0.7327E+02
  26.000  0.0000E+00  0.7327E+02
  26.100  0.0000E+00  0.7327E+02
  26.200  0.0000E+00  0.7327E+02
  26.300  0.0000E+00  0.7327E+02
  26.400  0.0000E+00  0.7327E+02
  26.500  0.0000E+00  0.7327E+02
  26.600  0.0000E+00  0.7327E+02
  26.700  0.0000E+00  0.7327E+02
  26.800  0.0000E+00  0.7327E+02
  26.900  0.0000E+00  0.7327E+02
  27.000  0.0000E+00  0.7327E+02
  27.100  0.0000E+00  0.7327E+02
  27.200  0.0000E+00  0.7327E+02
  27.300  0.0000E+00  0.7327E+02
  27.400  0.0000E+00  0.7327E+02
  27.500  0.0000E+00  0.7327E+02
  27.600  0.0000E+00  0.7327E+02
  27.700  0.0000E+00  0.7327E+02
  27.800  0.0000E+00  0.7327E+02
  27.900  0.0000E+00  0.7327E+02
  28.000  0.0000E+00  0.7327E+02
  28.100  0.0000E+00  0.7327E+02
  28.200  0.0000E+00  0.7327E+02
  28.300  0.0000E+00  0.7327E+02
  28.400  0.0000E+00  0.7327E+02
  28.500  0.0000E+00  0.7327E+02
  28.600  0.0000E+00  0.7327E+02
  28.700  0.0000E+00  0.7327E+02
  28.800  0.0000E+00  0.7327E+02
  28.900  0.0000E+00  0.7327E+02
  29.000  0.0000E+00  0.7327E+02
  29.100  0.0000E+00  0.7327E+02
  29.200  0.0000E+00  0.7327E+02
  29.300  0.0000E+00  0.7327E+02
  29.400  0.0000E+00  0.7327E+02
  29.500  0.0000E+00  0.7327E+02
  29.600  0.0000E+00  0.7327E+02
  29.700  0.0000E+00  0.7327E+02
  29.800  0.0000E+00  0.7327E+02
  29.900  0.0000E+00  0.7327E+02
  30.000  0.0000E+00  0.7327E+02
  30.100  0.0000E+00  0.7327E+02
  30.200  0.0000E+00  0.7327E+02
  30.300  0.0000E+00  0.7327E+02
  30.400  0.0000E+00  0.7327E+02
  30.500  0.0000E+00  0.7327E+02
  30.600  0.0000E+00  0.7327E+02
  30.700  0.0000E+00  0.7327E+02
  30.800  0.0000E+00  0.7327E+02
  30.900  0.0000E+00  0.7327E+02
  31.000  0.0000E+00  0.7327E+02
  31.100  0.0000E+00  0.7327E+02
  31.200  0.0000E+00  0.7327E+02
  31.300  0.0000E+00  0.7327E+02
  31.400  0.0000E+00  0.7327E+02
  31.500  0.0000E+00  0.7327E+02
  31.600  0.0000E+00  0.7327E+02
  31.700  0.0000E+00  0.7327E+02
  31.800  0.0000E+00  0.7327E+02
  31.900  0.0000E+00  0.7327E+02
  32.000  0.0000E+00  0.7327E+02
  32.100  0.0000E+00  0.7327E+02
  32.200  0.0000E+00  0.7327E+02
  32.300  0.0000E+00  0.7327E+02
  32.400  0.0000E+00  0.7327E+02
  32.500  0.0000E+00  0.7327E+02
  32.600  0.0000E+00  0.7327E+02
  32.700  0.0000E+00  0.7327E+02
  32.800  0.0000E+00  0.7327E+02
  32.900  0.0000E+00  0.7327E+02
  33.000  0.0000E+00  0.7327E+02
  33.100  0.0000E+00  0.7327E+02
  33.200  0.0000E+00  0.7327E+02
  33.300  0.0000E+00  0.7327E+02
  33.400  0.0000E+00  0.7327E+02
  33.500  0.0000E+00  0.7327E+02
  33.600  0.0000E+00  0.7327E+02
  33.700  0.0000E+00  0.7327E+02
  33.800  0.0000E+00  0.7327E+02
  33.900  0.0000E+00  0.7327E+02
  34.000  0.0000E+00  0.7327E+02
  34.100  0.0000E+00  0.7327E+02
  34.200  0.0000E+00  0.7327E+02
  34.300  0.0000E+00  0.7327E+02
  34.400  0.0000E+00  0.7327E+02
  34.500  0.0000E+00  0.7327E+02
  34.600  0.0000E+00  0.7327E+02
  34.700  0.0000E+00  0.7327E+02
  34.800  0.0000E+00  0.7327E+02
  34.900  0.0000E+00  0.7327E+02
  35.000  0.0000E+00  0.7327E+02
  35.100  0.0000E+00  0.7327E+02
  35.200  0.0000E+00  0.7327E+02
  35.300  0.0000E+00  0.7327E+02
  35.400  0.0000E+00  0.7327E+02
  35.500  0.0000E+00  0.7327E+02
  35.600  0.0000E+00  0.7327E+02
  35.700  0.0000E+00  0.7327E+02
  35.800  0.0000E+00  0.7327E+02
  35.900  0.0000E+00  0.7327E+02
  36.000  0.0000E+00  0.7327E+02
  36.100  0.0000E+00  0.7327E+02
  36.200  0.0000E+00  0.7327E+02
  36.300  0.0000E+00  0.7327E+02
  36.400  0.0000E+00  0.7327E+02
  36.500  0.0000E+00  0.7327E+02
  36.600  0.0000E+00  0.7327E+02
  36.700  0.0000E+00  0.7327E+02
  36.800  0.0000E+00  0.7327E+02
  36.900  0.0000E+00  0.7327E+02
  37.000  0.0000E+00  0.7327E+02
  37.100  0.0000E+00  0.7327E+02
  37.200  0.0000E+00  0.7327E+02
  37.300  0.0000E+00  0.7327E+02
  37.400  0.0000E+00  0.7327E+02
  37.500  0.0000E+00  0.7327E+02
  37.600  0.0000E+00  0.7327E+02
  37.700  0.0000E+00  0.7327E+02
  37.800  0.0000E+00  0.7327E+02
  37.900  0.0000E+00  0.7327E+02
  38.000  0.0000E+00  0.7327E+02
  38.100  0.0000E+00  0.7327E+02
  38.200  0.0000E+00  0.7327E+02
  38.300  0.0000E+00  0.7327E+02
  38.400  0.0000E+00  0.7327E+02
  38.500  0.0000E+00  0.7327E+02
  38.600  0.0000E+00  0.7327E+02
  38.700  0.0000E+00  0.7327E+02
  38.800  0.0000E+00  0.7327E+02
  38.900  0.0000E+00  0.7327E+02
  39.000  0.0000E+00  0.7327E+02
  39.100  0.0000E+00  0.7327E+02
  39.200  0.0000E+00  0.7327E+02
  39.300  0.0000E+00  0.7327E+02
  39.400  0.0000E+00  0.7327E+02
  39.500  0.0000E+00  0.7327E+02
  39.600  0.0000E+00  0.7327E+02
  39.700  0.0000E+00  0.7327E+02
  39.800  0.0000E+00  0.7327E+02
  39.900  0.0000E+00  0.7327E+02
  40.000  0.0000E+00  0.7327E+02
  40.100  0.0000E+00  0.7327E+02
  40.200  0.0000E+00  0.7327E+02
  40.300  0.0000E+00  0.7327E+02
  40.400  0.0000E+00  0.7327E+02
  40.500  0.0000E+00  0.7327E+02
  40.600  0.0000E+00  0.7327E+02
  40.700  0.0000E+00  0.7327E+02
  40.800  0.0000E+00  0.7327E+02
  40.900  0.0000E+00  0.7327E+02
  41.000  0.0000E+00  0.7327E+02
  41.100  0.0000E+00  0.7327E+02
  41.200  0.0000E+00  0.7327E+02
  41.300  0.0000E+00  0.7327E+02
  41.400  0.0000E+00  0.7327E+02
  41.500  0.0000E+00  0.7327E+02
  41.600  0.0000E+00  0.7327E+02
  41.700  0.0000E+00  0.7327E+02
  41.800  0.0000E+00  0.7327E+02
  41.900  0.0000E+00  0.7327E+02
  42.000  0.0000E+00  0.7327E+02
  42.100  0.0000E+00  0.7327E+02
  42.200  0.0000E+00  0.7327E+02
  42.300  0.0000E+00  0.7327E+02
  42.400  0.0000E+00  0.7327E+02
  42.500  0.0000E+00  0.7327E+02
  42.600  0.0000E+00  0.7327E+02
  42.700  0.0000E+00  0.7327E+02
  42.800  0.0000E+00  0.7327E+02
  42.900  0.0000E+00  0.7327E+02
  43.000  0.0000E+00  0.7327E+02
  43.100  0.0000E+00  0.7327E+02
  43.200  0.0000E+00  0.7327E+02
  43.300  0.0000E+00  0.7327E+02
  43.400  0.0000E+00  0.7327E+02
  43.500  0.0000E+00  0.7327E+02
  43.600  0.0000E+00  0.7327E+02
  43.700  0.0000E+00  0.7327E+02
  43.800  0.0000E+00  0.7327E+02
  43.900  0.0000E+00  0.7327E+02
  44.000  0.0000E+00  0.7327E+02
  44.100  0.0000E+00  0.7327E+02
  44.200  0.0000E+00  0.7327E+02
  44.300  0.0000E+00  0.7327E+02
  44.400  0.0000E+00  0.7327E+02
  44.500  0.0000E+00  0.7327E+02
  44.600  0.0000E+00  0.7327E+02
  44.700  0.0000E+00  0.7327E+02
  44.800  0.0000E+00  0.7327E+02
  44.900  0.0000E+00  0.7327E+02
  45.000  0.0000E+00  0.7327E+02
  45.100  0.0000E+00  0.7327E+02
  45.200  0.0000E+00  0.7327E+02
  45.300  0.0000E+00  0.7327E+02
  45.400  0.0000E+00  0.7327E+02
  45.500  0.0000E+00  0.7327E+02
  45.600  0.0000E+00  0.7327E+02
  45.700  0.0000E+00  0.7327E+02
  45.800  0.0000E+00  0.7327E+02
  45.900  0.0000E+00  0.7327E+02
  46.000  0.0000E+00  0.7327E+02
  46.100  0.0000E+00  0.7327E+02
  46.200  0.0000E+00  0.7327E+02
  46.300  0.0000E+00  0.7327E+02
  46.400  0.0000E+00  0.7327E+02
  46.500  0.0000E+00  0.7327E+02
  46.600  0.0000E+00  0.7327E+02
  46.700  0.0000E+00  0.7327E+02
  46.800  0.0000E+00  0.7327E+02
  46.900  0.0000E+00  0.7327E+02
  47.000  0.0000E+00  0.7327E+02
  47.100  0.0000E+00  0.7327E+02
  47.200  0.0000E+00  0.7327E+02
  47.300  0.0000E+00  0.7327E+02
  47.400  0.0000E+00  0.7327E+02
  47.500  0.0000E+00  0.7327E+02
  47.600  0.0000E+00  0.7327E+02
  47.700  0.0000E+00  0.7327E+02
  47.800  0.0000E+00  0.7327E+02
  47.900  0.0000E+00  0.7327E+02
  48.000  0.0000E+00  0.7327E+02
  48.100  0.0000E+00  0.7327E+02
  48.200  0.0000E+00  0.7327E+02
  48.300  0.0000E+00  0.7327E+02
  48.400  0.0000E+00  0.7327E+02
  48.500  0.0000E+00  0.7327E+02
  48.600  0.0000E+00  0.7327E+02
  48.700  0.0000E+00  0.7327E+02
  48.800  0.0000E+00  0.7327E+02
  48.900  0.0000E+00  0.7327E+02
  49.000  0.0000E+00  0.7327E+02
  49.100  0.0000E+00  0.7327E+02
  49.200  0.0000E+00  0.7327E+02
  49.300  0.0000E+00  0.7327E+02
  49.400  0.0000E+00  0.7327E+02
  49.500  0.0000E+00  0.7327E+02
  49.600  0.0000E+00  0.7327E+02
  49.700  0.0000E+00  0.7327E+02
  49.800  0.0000E+00  0.7327E+02
  49.900  0.0000E+00  0.7327E+02
  50.000  0.0000E+00  0.7327E+02
